6.955981 4.623051 4.721299 4.042383 4.153688 7.681931 3.591981 5.166984 6.143819 6.453424 7.528091 6.529599 5.897508 5.425629 6.580496 1.701138 0.8720946 3.58502 1.356696 3.675341 2.505994 3.008949 0.5527838 3.807936 0.6572085 2.161296 0.9775489 2.45048 -0.5134935 1.67597 3.348711 2.087881 1.474818 2.418921 2.261616 1.640839 2.543489 0.775452 0.3060195 2.631643 1.911055 1.6708 2.730373 2.657667 2.429506 0.9906991 0.6899465 2.461127 2.341517 4.231854
5.357385 5.091666 8.399983 6.642797 6.211661 5.882096 5.516078 6.309396 6.103745 5.074227 6.433498 6.279247 7.084877 4.799092 6.338314 2.972782 1.729539 1.860394 3.441543 1.847493 1.968382 2.941527 2.398895 2.811994 1.962146 1.872515 2.696104 -0.7427249 2.320862 0.5695172 2.230458 0.798762 1.842948 2.039144 2.849759 0.8633521 2.443946 2.052749 2.300874 2.048819 1.355898 0.3121023 3.48928 1.132514 1.260181 2.570535 1.933776 0.4125816 2.839619 1.463917
6.483597 4.768863 8.184559 6.003281 6.252871 3.918196 6.66789 4.091468 5.499203 3.200261 6.744671 7.264678 6.469915 5.99308 5.926401 1.808815 2.52116 2.505853 2.348145 2.741794 1.352086 3.289489 2.473895 1.831926 2.558753 14.79636 13.80051 12.19364 9.151182 20.27071 4.878047 11.87803 16.81604 13.61168 11.08313 6.05615 12.56712 11.61502 12.61257 16.00211 15.79433 17.67878 9.438865 15.87643 11.81348 12.14708 12.54027 1.955581 2.90616 1.60123
7.24377 4.743988 5.440034 5.50688 5.849368 4.194456 4.714648 6.197891 4.387345 4.279332 6.781435 8.229712 6.484531 5.280959 4.850116 3.062425 1.745455 2.560566 3.039265 1.587051 1.145429 0.2196297 2.019203 1.429852 2.139038 2.181773 12.04176 14.43003 12.63962 11.72459 15.07689 10.40899 7.128495 7.069084 13.2964 14.39903 7.46777 13.00095 13.33625 9.31134 6.932919 11.71929 11.1733 9.88588 14.20998 7.084718 13.26385 1.632934 1.458189 1.588069
5.418176 6.639273 6.797952 3.891979 5.125082 5.561094 7.328104 5.407295 4.656991 7.941354 5.622334 7.911529 4.850308 6.108234 4.517476 1.649768 2.452632 1.600579 1.489595 1.047607 2.846773 0.9948784 0.9444719 2.074452 3.35588 2.704988 2.740205 11.56427 10.13058 11.52487 12.02337 13.63293 12.54618 7.129645 10.30783 10.93918 13.37841 15.06018 9.859087 10.70312 12.91662 13.82639 12.67354 11.18818 9.669064 12.36493 9.670818 2.126436 0.4534843 1.867773
5.773094 5.410868 5.845685 7.162346 7.140391 7.051362 5.403584 6.613219 4.998021 1.638946 3.511062 2.426979 3.162046 3.640544 0.1413399 1.643028 1.658953 0.5985025 2.783758 4.057321 1.652635 3.357468 3.162497 3.02314 1.999535 2.645264 1.745974 15.47133 18.52516 10.85445 8.480672 15.86495 7.645626 16.37205 12.19271 14.58168 14.91698 10.77452 10.59921 9.135136 10.98898 15.08691 14.82857 12.29485 12.218 13.1975 15.05116 1.537903 1.611343 5.025076
7.610719 6.466291 5.629249 6.298197 6.011852 6.775712 4.719709 7.436416 7.677115 2.068367 0.44958 0.9689092 2.930821 3.129548 1.201422 2.692515 2.565109 2.323529 0.8203582 2.89165 3.119159 3.15786 1.465302 2.359651 1.304401 0.7866056 2.014509 6.724127 13.01915 13.24704 13.54064 12.87809 13.28434 14.0333 11.2747 7.478423 15.63189 12.04965 9.753841 12.5642 20.96053 10.67115 21.79413 12.91961 13.37397 12.40447 14.13838 2.186161 -0.154082 1.944236
4.668772 5.657532 6.23876 7.824116 5.1429 6.146795 6.318593 1.505246 1.246031 2.647853 1.192207 2.458061 1.703371 0.3502749 0.4943284 1.046643 2.810295 2.442093 2.436757 2.575219 2.865808 1.283724 2.752082 0.6787989 -0.05205854 0.7263775 2.23082 13.26491 15.59765 7.375317 10.50546 13.61698 8.94879 8.191141 13.99992 14.31335 10.4352 7.982634 8.705917 18.00316 15.24434 14.18055 14.34832 6.265802 17.86422 12.97035 13.32538 3.382418 2.970754 1.357623
6.463125 6.315544 5.113182 6.215989 5.278333 0.4474487 -0.1819567 1.507244 1.451019 1.877488 1.589002 2.773855 -0.7245481 2.254403 2.811979 1.986366 1.328056 1.159031 1.333962 2.007931 2.35717 1.253452 0.8903207 1.214753 3.048534 1.298335 3.829006 3.163339 9.185978 10.64011 14.16117 11.5902 16.63066 15.83246 10.79556 12.37874 13.9025 11.1508 14.61172 10.38299 14.74356 8.785689 4.407081 11.09291 11.53912 12.68677 13.59315 2.012295 3.769876 2.967136
6.770246 5.164782 7.906356 1.1115 1.381247 0.2800644 1.073653 1.077535 2.343439 1.267798 3.335879 0.6099443 3.356488 2.075881 2.19283 4.32119 1.951978 2.961989 3.12926 2.741823 3.699558 2.042646 0.6998615 2.111708 0.6519059 0.7443542 0.4099318 3.678756 13.05628 16.03175 11.48336 9.024194 10.07332 20.68768 15.90136 10.21049 13.77446 13.51386 11.82403 13.84899 14.73478 12.19675 10.22315 14.53103 9.130373 15.34508 9.854226 1.209837 1.371187 2.794051
2.769078 2.585252 2.616154 3.516593 0.4643466 2.414261 0.04483056 0.1878545 0.2696351 3.262567 3.577684 3.131122 2.584794 2.239873 1.675781 3.13191 1.969724 0.7657092 1.829994 3.248333 2.998683 2.175269 0.05494026 2.798291 1.050551 2.267981 3.691847 1.479139 8.507032 7.517943 11.46324 11.61827 12.13717 14.69409 9.980399 13.95516 13.22392 12.35345 13.03467 12.73344 8.110114 13.13577 14.772 11.6672 10.26308 10.20247 18.06144 3.824759 1.776699 0.9892594
3.154212 2.528507 2.456748 2.141819 0.7888789 2.489143 2.323342 2.218722 2.870333 2.805977 1.892792 1.785577 2.78294 1.340362 0.4691097 1.294543 2.226952 2.398431 1.472993 2.30767 1.885294 2.587136 1.416748 2.22046 3.445575 1.748509 3.293087 0.3727527 2.623424 13.20633 15.53683 13.25142 10.59045 14.73449 10.49625 9.911418 11.95125 13.4746 10.63003 10.09641 9.21909 9.036364 11.12726 12.87747 9.745801 8.183131 12.39071 1.557481 2.527349 0.5745057
2.836063 0.6483816 2.023683 3.309865 1.586664 -0.178591 1.889227 2.796575 1.22179 3.420835 3.083141 2.781643 2.540332 2.909906 3.392139 1.139904 3.053095 2.391329 2.313232 0.936421 3.755264 -0.5525854 1.455987 1.401072 0.9126902 2.902448 1.281228 0.9870078 1.901361 7.343931 10.87805 14.94662 14.0806 8.628398 11.03494 14.94691 15.88594 3.245978 10.83385 13.81871 16.19581 12.23701 11.6274 6.924911 9.589666 10.32399 10.01761 1.60864 3.488931 2.315766
1.852826 2.156843 0.1794872 0.5734488 3.09284 2.097758 2.674031 2.235023 1.010802 1.670315 -0.4014064 2.352937 2.161799 1.095595 2.442855 0.6162373 1.666805 2.190996 2.547703 -0.1667904 1.546827 1.949355 1.942763 0.6767698 1.172207 2.97914 2.93248 2.503143 1.270824 1.242091 0.9001621 0.204193 3.337696 1.657202 1.28746 2.013917 9.58341 14.06209 17.51428 14.35052 4.360407 15.15188 13.03513 8.493492 10.39144 2.348922 0.3693327 1.077747 2.432872 1.625525
2.839833 2.675051 2.579451 1.142376 2.106918 0.1482142 2.522671 1.331917 2.54857 3.339598 0.3595411 2.906698 1.452002 0.3575819 2.163797 3.513396 2.459803 3.054676 2.240773 1.492993 3.352962 2.22637 1.808605 2.548433 1.567012 2.16298 1.217229 1.506232 1.625751 2.232605 2.345119 3.567792 1.392541 1.064774 3.886092 2.759416 11.2491 11.03248 8.560022 13.5107 15.37811 7.840893 7.641385 9.843072 13.62316 1.463774 1.301428 0.5642797 1.390839 2.641266
1.539581 2.656441 0.5860507 1.060491 3.596025 1.967583 3.773334 -0.2677621 1.436346 0.5956069 1.91721 5.000138 1.321939 1.811426 0.8528936 0.4733701 -0.7739572 2.364122 2.832013 1.641555 2.861957 4.212008 1.670602 2.322336 2.022456 0.4798584 2.303516 1.387768 1.829123 1.709821 2.141488 2.160438 0.7670035 3.073264 3.157127 3.158776 14.67624 15.93079 10.1169 10.25323 13.31375 13.08383 12.38058 9.95768 5.623697 2.542364 2.638252 0.9189116 2.149756 2.423316
2.173415 1.747189 2.287367 4.482237 3.736645 0.3768445 2.374129 2.296648 0.9538831 2.076604 2.313617 3.489102 3.821689 1.277987 -0.604692 2.959683 1.552045 1.527331 2.098744 1.747952 0.7452897 1.592149 1.838179 1.419259 3.787404 2.476817 2.268843 2.649417 3.399149 3.711752 1.80116 2.002399 1.466632 2.063568 3.895511 2.038492 10.50706 15.38472 12.69228 6.241961 13.39148 14.13937 9.629432 10.91094 15.20574 2.903444 1.271918 1.600246 3.721653 2.062918
3.5458 2.053733 1.353908 3.089841 3.085537 3.102079 1.832263 3.18319 2.389529 2.288431 0.2373698 1.815383 3.030343 3.341288 1.231076 3.17396 1.213196 1.17654 2.695747 2.278719 3.653198 1.830425 2.375039 2.518416 2.697595 2.101386 4.079187 0.6617088 1.98027 1.769565 2.297146 3.482341 3.140789 2.684682 1.836758 3.044897 16.1054 10.29494 9.215068 13.75517 8.763147 6.256037 11.80228 10.42001 15.76634 2.257977 3.931552 3.066679 2.523341 2.697862
2.619283 0.2915572 1.848566 2.407105 -0.1073804 1.493368 2.077731 1.539482 3.264447 2.578021 2.421264 4.139323 1.087389 1.60194 3.251222 1.973829 3.180838 1.93989 3.166058 2.242117 1.890827 3.609587 2.311073 1.639243 1.270922 1.586222 0.5249315 2.291951 3.902772 4.224064 2.934836 1.236625 1.97507 1.91459 2.411882 1.631159 0.8798858 1.722459 1.484846 2.21179 2.914224 2.765696 2.096449 0.9402736 3.235317 0.4324207 2.438751 1.471439 1.770213 1.066343
1.93155 2.17365 2.727886 1.990819 0.7089001 1.543302 1.422221 3.169449 1.00013 3.172465 0.7809015 0.7749319 2.809015 0.3978862 1.590098 3.926468 0.4594175 4.472555 1.746165 0.7760396 1.529904 2.365633 1.654985 1.206131 1.213401 1.091973 1.050523 1.460517 0.3195571 2.744463 7.706687 5.521204 4.770306 6.203922 6.983841 1.953524 1.420004 1.619591 2.068842 2.526711 1.86346 1.658481 2.496348 0.8405712 0.9817481 1.631752 2.259119 2.588765 2.517647 2.924827
2.192323 1.929368 4.207934 0.8449603 1.964546 0.5127576 2.142408 2.267418 1.216699 2.837078 0.7554806 3.316496 1.319049 2.876489 1.354898 1.793512 1.312341 1.682601 0.6339084 3.218114 2.547383 2.285306 2.134869 0.8891338 -0.004377638 2.158064 0.9006255 4.112407 2.556919 5.601192 6.679482 6.096144 5.693349 5.061337 6.970442 4.386195 6.229519 2.421008 1.183804 3.631367 1.483671 3.647907 1.802258 1.31087 2.690366 2.274097 1.177615 3.335049 1.309944 2.220171
1.433232 1.240182 2.803233 3.892626 0.8814922 2.535092 2.340687 2.338334 0.6166882 1.218995 2.735762 0.6992902 1.972499 2.198397 1.877001 1.452937 2.073187 3.591321 2.012874 4.102273 2.401227 3.481203 4.119326 0.8398176 0.9496939 1.267197 6.401873 4.89483 4.851012 3.946953 6.675729 3.407599 5.740587 5.983257 6.620831 6.366162 6.785494 6.727781 4.707521 5.278771 2.326484 1.627882 2.00555 0.8599031 2.278691 1.26495 2.111223 -0.6928158 2.430805 1.987423
1.175705 1.39382 3.163937 1.086872 0.1380888 1.088552 4.023211 1.584641 2.785496 2.392609 2.079136 2.7808 1.462672 3.434193 2.56169 1.844186 3.65475 0.921933 0.8791103 0.5493483 2.571539 2.25772 2.869479 2.442768 1.405004 3.516823 6.860661 6.059446 6.588384 5.859452 7.992367 5.104572 5.820231 5.140907 6.272849 6.165037 8.368517 8.290695 5.178474 5.993852 0.4457992 0.994668 1.81204 7.223964 1.909699 1.464117 0.6341592 1.656603 2.246044 3.079012
0.966074 3.15984 1.370173 2.087936 2.050214 1.748938 1.944928 1.849705 4.147658 1.535732 2.635026 1.385908 2.520111 2.337584 1.435503 1.565363 1.600171 2.306342 2.858483 1.874317 0.8088667 1.276244 1.130207 1.898487 1.800255 1.97082 6.066291 7.507926 6.940332 5.694983 4.894956 7.917439 6.934345 5.753469 7.218204 5.559251 6.390405 6.252772 6.647187 5.916666 1.902978 3.576613 3.145562 5.487499 1.278292 1.543918 0.8879683 2.068805 2.072243 1.014894
1.014932 2.590459 12.87613 15.01148 14.27006 11.70151 8.526485 11.39336 15.60251 10.32279 13.64535 7.127465 2.18183 2.362118 1.856081 1.255312 3.042561 2.9 1.238431 1.523745 2.744717 1.351566 3.375457 2.354283 0.5097461 1.995654 6.420128 4.205937 7.11591 6.297639 5.849947 7.340795 6.776976 6.355052 6.807543 5.071364 6.594843 7.05075 6.387425 5.663086 7.329309 5.005946 6.891422 5.655342 1.704019 3.927444 2.717173 3.443603 2.17769 0.6727927
1.533001 2.516045 16.15921 11.68779 12.97201 10.02594 12.58368 12.87816 8.561182 7.163599 9.670714 9.129622 2.099109 2.208505 1.296116 1.432751 1.157182 2.424698 1.452078 4.225167 1.205879 3.014345 3.037162 4.292 0.8897513 1.440421 6.812932 4.535093 6.918363 5.993767 7.107508 6.245851 5.703384 4.674048 6.289183 6.306279 6.31668 6.686308 6.373825 4.787283 5.295527 6.549233 5.413444 6.602578 -0.0233897 1.804839 0.6212694 3.267098 1.350776 1.33003
2.02561 3.769508 14.49356 14.01673 12.15726 12.58165 14.36299 19.74313 11.54287 10.66335 11.56828 9.425751 1.450158 1.766604 2.554875 2.069226 2.69565 -0.3335604 3.018669 1.732295 2.136781 0.9174088 2.814185 1.932575 2.625537 2.40158 4.96086 4.926404 6.648043 6.24943 4.640478 6.838946 6.596834 5.588706 5.943451 6.395373 4.387154 5.750334 6.351827 5.858825 6.735959 6.213126 4.952634 7.506739 1.092976 2.956956 0.2891388 1.773483 2.201653 3.974829
1.807917 2.177641 11.14581 11.64838 12.11397 13.72341 12.59558 14.46724 14.0372 9.196513 12.64735 7.689505 2.904723 2.982833 0.4142352 2.447442 3.651 3.935007 1.863223 2.840683 2.745133 2.804021 0.8395648 -0.01229483 2.136567 2.027712 8.996352 4.831668 5.126272 8.452525 8.023424 6.29038 4.790344 4.59597 8.052813 5.037179 7.458757 6.456247 5.672219 5.883306 6.257292 4.349082 5.829412 4.759507 1.224787 0.5118851 2.591876 -1.008788 1.989011 2.254057
0.5382936 1.757415 7.86703 14.67265 10.92809 13.95103 6.005407 14.53699 14.62812 6.906146 14.14728 13.60034 0.5531466 1.784534 2.535156 3.18861 2.264873 0.1129488 1.522118 2.120396 1.652157 2.627584 3.10854 1.658505 1.310833 2.490984 6.70155 7.109851 5.08864 5.378567 5.981684 6.452549 6.118122 6.229925 5.472555 5.647268 5.355238 5.326306 5.350427 6.644621 5.621561 6.449327 7.270724 6.00988 2.016522 0.1885876 2.552204 1.387311 2.196684 0.9721868
1.619785 3.839811 13.46068 10.9067 12.20627 14.06346 15.72901 11.53611 16.6683 13.97043 15.42071 10.96904 1.515948 0.9480377 2.420605 1.600282 1.827226 2.787884 1.664443 3.198138 2.091667 2.315953 1.152908 2.827355 2.015184 3.818003 6.263874 4.928805 5.868493 6.612564 5.00871 5.231979 6.348284 6.280722 6.523212 6.745301 7.151299 6.522424 6.259228 8.224114 6.014606 4.364937 6.933109 3.741637 2.571815 1.683592 1.411408 1.833429 1.490443 2.799522
1.385799 1.67942 16.38806 9.641724 13.88935 8.084079 15.12263 12.71879 9.534828 11.82738 12.72601 9.462544 2.23118 1.68139 2.251599 1.191064 1.65773 2.713179 1.397805 2.463933 3.102149 2.556021 1.071919 2.574253 2.247449 0.4325214 6.131043 4.062567 4.980747 6.06973 4.423758 4.861607 5.1138 4.491808 5.65832 5.171611 5.385463 6.902242 6.071906 6.067914 1.150664 1.879161 3.828826 7.194924 3.748072 1.896707 2.04737 1.236256 2.931532 2.353311
3.564149 2.795489 10.32501 10.46894 10.06046 14.42492 16.02543 8.797978 10.12208 16.21973 12.774 9.661041 11.51404 14.70849 17.5362 10.43919 11.42852 14.11628 15.01603 15.65067 2.690346 0.9914615 2.401852 2.121132 0.9195495 1.006775 5.885502 4.949958 5.372724 7.729003 6.11178 6.201966 6.242131 5.825938 5.880556 5.34201 7.27718 5.305909 5.543888 4.765872 1.349702 1.554033 1.910624 6.43987 1.756093 1.569333 0.5874189 3.092689 1.358493 1.19271
1.626409 1.657315 13.1223 7.594596 17.75216 9.734474 17.44054 8.694734 13.08342 18.70101 15.77056 11.90798 11.74152 13.93275 8.59823 10.75173 10.99566 12.39047 12.4477 15.30849 0.9172461 2.685255 0.7299367 2.913295 1.930958 3.189461 5.401376 4.594008 4.526115 6.509992 7.246614 6.039583 7.360301 8.119124 6.249113 5.923057 6.004126 4.887198 7.137299 7.282838 1.980044 2.353642 0.4326024 6.921464 3.700748 0.8861468 1.459432 1.963869 2.426242 2.790324
0.2875477 1.69645 12.98227 7.457717 8.701737 13.77441 16.03479 16.01099 7.538769 11.50223 10.90194 12.27859 16.24604 14.06793 16.04917 12.676 15.76299 6.22899 15.78236 10.65472 0.6354352 1.783186 2.23479 3.040007 1.97957 1.927836 6.75137 4.984961 4.748433 6.859142 6.778734 7.078782 5.745287 7.293109 6.586383 7.045428 5.692347 6.190349 4.965811 7.025828 2.920682 1.929963 2.946459 2.902834 0.1284504 2.396645 0.6548558 1.462401 2.038999 2.752883
0.7564693 1.725681 17.96003 13.26777 12.62822 13.19599 10.92464 12.07072 9.099119 6.668651 10.19076 13.3933 15.61384 14.1387 9.971448 10.55729 8.921382 12.92158 9.404584 12.55011 3.169998 2.446207 2.552082 2.430396 1.678167 0.8801991 6.104425 6.866861 6.182739 4.729525 3.611472 5.845973 4.544531 6.174691 6.427468 3.048161 5.180468 6.001979 5.978454 5.654688 1.625592 2.735754 1.754919 1.779138 2.242411 0.6280531 0.6110162 1.425605 0.8668413 0.9270766
2.788376 1.877662 4.107738 2.252559 1.421612 9.553993 10.93738 9.00017 10.93038 10.77506 7.10964 14.36917 12.13909 13.87908 12.46115 16.35445 16.22591 8.352727 7.659854 5.362862 1.840865 2.471543 1.831595 4.149131 3.216206 1.521647 6.468806 6.034317 6.512942 4.03357 6.180142 6.80042 6.114091 5.81739 7.014623 5.795846 5.941292 7.30842 6.275842 4.217134 1.356718 3.867853 3.933383 1.922965 1.696794 1.952238 0.5054506 3.797423 1.186037 3.680163
1.875942 2.600099 2.854402 1.360895 2.926188 10.93108 10.47696 8.980643 10.28526 10.10806 9.005569 14.17458 12.15943 14.30482 10.9734 6.131512 13.92525 13.39611 10.84875 13.53201 3.168682 0.8705774 4.232668 1.895806 1.274039 4.726238 7.012997 6.952985 5.914666 5.670366 7.016497 6.494507 7.202805 6.20628 5.882568 6.85359 7.705806 8.225307 5.353726 5.149994 0.9150225 -1.520975 1.277187 0.8679279 1.84715 3.241398 0.6621593 0.965026 1.826091 1.543603
0.9652526 2.924488 2.348545 2.282326 2.431478 14.78298 13.77785 12.38128 9.466289 8.677281 11.58712 14.19907 19.79889 13.46341 8.738042 12.63909 11.34234 18.95228 17.75164 12.37103 2.085178 1.71934 0.1285869 2.106593 1.526768 0.9021419 3.243882 7.014367 4.451049 5.371872 5.109162 7.104825 4.992546 5.702158 5.790024 7.299065 4.246247 5.914245 6.107399 0.7691639 0.862544 1.170253 1.822428 2.857013 1.268291 0.7250134 2.671363 3.453912 2.498366 1.7903
1.414147 2.436055 1.653831 1.705268 2.506622 12.00209 12.45517 16.54604 15.83858 10.54792 9.724059 10.69135 12.25064 9.933176 9.773552 15.38718 13.71959 15.81114 12.02908 12.55223 2.245954 1.196274 3.794539 4.132701 3.092691 0.6304896 3.096542 2.056487 4.970575 5.122674 6.708937 6.60813 6.035593 6.343464 6.052255 5.775292 6.565394 5.920717 1.100358 1.46072 2.115489 0.8575832 1.511522 1.868914 1.587591 2.590055 4.005113 3.261198 3.573593 1.615519
1.487601 1.941758 0.2313249 2.492234 0.5319173 14.41528 11.58077 9.110146 11.54414 11.13013 16.43576 14.77569 11.46946 13.36642 8.240958 14.25571 12.04774 10.66991 14.45531 10.77201 1.849127 0.9324654 1.589351 1.931023 1.844721 0.5428379 1.971956 1.394294 2.511945 0.7108045 1.671663 7.897856 5.129401 5.458904 5.525253 0.06620958 2.161401 3.616107 1.517899 4.349379 3.028071 2.726515 1.909444 0.7229519 2.751748 3.938088 1.643814 2.183714 1.701422 -0.06303357
4.506802 2.358948 1.717257 1.665459 0.8180227 9.463632 15.03986 11.00601 11.72945 11.89713 13.13855 11.39421 7.633334 13.19396 10.10298 10.69195 11.66403 13.13152 8.173115 11.96851 1.121276 1.926747 2.05675 0.9674466 2.090164 2.621763 2.820736 1.979718 1.276768 0.8573219 1.925216 7.728938 5.188469 4.129129 4.245728 2.951739 3.818604 0.6415806 1.287243 2.144426 0.9441276 1.583187 2.24267 2.234206 3.965713 3.505433 1.345001 2.049573 2.76177 1.32379
2.329435 3.167666 1.591059 1.076955 -0.1424494 13.55989 7.889212 10.76017 15.93876 16.82158 10.5967 11.76265 11.45628 13.13493 13.75386 11.71383 9.840819 13.43355 10.6707 16.39629 3.466801 2.107141 2.404967 1.598979 2.248535 2.472916 1.445578 1.73658 1.044866 1.329978 2.135149 5.091198 6.153332 5.455839 6.117255 2.199147 2.921818 3.055881 2.534061 2.108569 2.746376 1.1414 2.581408 1.189657 2.890721 3.687517 2.758799 2.050648 1.596846 0.1472885
2.714299 2.637201 1.53229 1.439793 3.030165 11.35885 10.67979 14.86796 13.48596 10.06796 11.85414 14.29092 13.23559 8.725787 10.8829 17.78588 12.44828 13.28743 11.3754 11.07673 1.058353 2.003236 0.9241313 3.620628 1.964031 1.549908 4.558842 1.885731 0.7106791 6.578217 5.130302 6.493477 5.31862 6.204027 7.475856 2.286416 1.266642 1.495665 2.284775 2.528954 3.197423 0.2436823 1.6559 0.7523499 -0.2091454 0.6839313 1.777625 1.784939 1.563701 0.8609747
0.9262763 1.13052 2.099623 2.311629 3.541807 15.15233 15.32451 13.46214 11.94576 13.33927 14.28496 10.99902 11.27889 12.42872 14.08694 13.15299 18.95413 9.075931 13.37607 11.06783 1.274653 3.249422 1.623148 1.22922 2.701697 0.6014771 4.323561 5.23614 6.530096 6.950254 5.634454 7.191723 4.785087 6.527974 5.6316 1.115697 0.7510189 0.5269661 1.373508 2.243191 1.909587 2.914364 2.120561 2.116484 -1.398791 2.69714 -0.2397758 3.028906 1.610893 0.8275731
3.674986 2.322109 2.03702 1.377965 3.007797 17.41015 18.6098 12.25653 10.31248 12.03509 14.40574 15.80351 14.46037 11.85604 7.482297 12.94015 9.754848 11.99785 9.339148 8.935653 2.448166 3.954209 2.218388 2.051165 0.6020232 1.34576 -0.4824912 0.5648883 1.455677 1.489295 2.230551 0.4679788 1.98818 3.33107 1.412264 1.926708 0.8675347 2.999856 3.558306 1.976375 2.877031 2.540323 2.159772 1.322193 2.801276 1.91453 0.3503386 3.202588 1.239708 2.38949
3.199786 0.3610024 1.622222 1.235051 3.627443 1.206459 2.11326 2.569656 2.852059 0.8466486 3.087824 4.237894 -0.2323034 2.989386 1.66158 1.097146 1.255475 2.762949 2.62168 2.259235 3.215473 2.960878 1.457697 1.535719 1.480707 1.615553 3.697872 3.772121 3.062677 2.298914 2.479267 1.603515 1.642554 0.4844429 1.945093 0.7195737 1.79658 3.08927 2.732813 0.5290727 1.404529 2.723859 2.945749 3.211068 1.415363 1.706012 0.8827921 1.567291 1.692983 1.216326
3.280101 1.906213 0.08252658 1.697741 1.94798 0.08633278 -1.03287 2.309233 0.4432367 3.051976 0.2452379 1.000626 3.630833 1.768321 2.050092 2.253122 0.9972262 2.243864 1.366688 1.855611 1.784492 2.034229 2.874471 2.649831 0.9587939 1.876055 1.408196 4.077402 2.097923 2.416296 4.525189 2.659845 0.4789501 2.327235 3.282078 1.108831 3.081667 4.138581 1.994988 0.8272036 1.909104 2.276701 3.062124 2.241404 2.195003 0.6739153 0.7635846 2.321275 2.766625 3.007359
2.087711 2.017621 2.701312 1.846202 -0.002229014 2.301944 2.702956 1.772339 1.620195 2.631002 1.968193 2.670521 1.542869 2.020293 2.521084 4.067299 2.758953 2.066568 1.407829 2.354283 1.649064 0.6645747 0.8811261 1.323866 1.521993 3.629924 2.860866 2.813831 1.744384 2.855353 1.814533 2.422833 1.341228 1.579509 2.565072 0.5144703 1.468425 2.435507 2.894877 1.903991 2.752708 1.52436 1.681774 1.093836 3.388645 3.666324 1.354178 1.247684 1.350487 5.071845
1.241946 1.273638 3.710816 1.244071 3.584504 1.687568 0.8050209 3.676399 3.49688 1.563733 3.48102 1.408098 2.778775 2.17495 1.995438 -0.06032123 -0.4693297 1.574556 2.773745 2.265481 2.206691 2.637433 2.603223 0.4673793 0.5387032 2.388137 3.488082 1.119411 1.68027 -0.6492558 0.7396146 2.857082 2.99142 3.257921 2.019865 0.3941142 0.01963503 2.588014 2.437676 2.675602 3.154867 2.283628 1.572078 1.26363 1.044751 0.3533528 4.130264 3.687543 0.9698239 2.512425
1.433008 2.260133 2.794107 2.403426 1.050888 1.741348 1.369283 2.762367 1.966019 2.38391 2.889847 2.703141 2.117462 4.29093 2.277532 3.927332 1.576274 2.091641 1.370978 4.142758 2.697195 3.370222 0.03882982 2.702413 1.819885 1.242161 3.919219 2.950254 2.364339 1.429667 1.358084 -0.1496149 2.509767 1.594176 1.484473 1.516942 2.574095 2.383582 2.441605 0.4839532 2.31878 2.021947 1.026951 0.817773 2.696641 1.680355 1.945212 1.386385 3.350843 1.264634
